b <- 0
g <- 0
N <- 0
m <- 0

